%YAML:1.0
calibration_time: "Ter 19 Jan 2016 17:26:16 BRST"
image_width: 640
image_height: 480
board_width: 6
board_height: 8
square_size: 2.9999999329447746e-02
# flags: +zero_tangent_dist
flags: 8
camera_matrix: !!opencv-matrix
   rows: 3
   cols: 3
   dt: d
   data: [ 5.3436742341595891e+02, 0., 3.1609031565688144e+02, 0.,
       5.3639307103906037e+02, 2.3102157122822766e+02, 0., 0., 1. ]
distortion_coefficients: !!opencv-matrix
   rows: 5
   cols: 1
   dt: d
   data: [ 9.5456697159182632e-02, -3.5073558768246144e-01, 0., 0.,
       3.4113466250122754e-01 ]
avg_reprojection_error: 2.0636656352972138e-01
